NAME	= 71
DESCRIPTION	= 
UNIT	= 
DATAFORMAT	= FLOAT
DATAFILE_OFFSET	= 0
BYTEORDER_BIG	= FALSE
TOPTOBOTTOM	= FALSE
POSITION_XMIN	= 44.0093611287000002
POSITION_YMIN	= 25.0347358588000013
CELLCOUNT_X	= 329
CELLCOUNT_Y	= 251
CELLSIZE	= 0.0588282620000000
Z_FACTOR	= 1.000000
Z_OFFSET	= 0.000000
NODATA_VALUE	= -99999.000000;-99999.000000
